# oST version 5.0 parameters


[image]

width
640

height
480

[narrow_stereo]

camera matrix
786.683917 0.000000 328.762141
0.000000 784.097932 261.697504
0.000000 0.000000 1.000000

distortion
0.024129 0.157053 0.009537 0.007385 0.000000

rectification
1.000000 0.000000 0.000000
0.000000 1.000000 0.000000
0.000000 0.000000 1.000000

projection
801.427002 0.000000 331.585520 0.000000
0.000000 799.029968 264.361855 0.000000
0.000000 0.000000 1.000000 0.000000

